63
0 0 1 3 -1 2 4 -1
2 530 5 7 3 0 -1 16
2 530 0 -1 15 6 8 4
0 0 7 9 11 -1 0 1
0 0 -1 0 2 8 10 12
0 0 -1 17 7 1 16 30
0 0 2 15 29 -1 18 8
0 0 17 -1 9 3 1 5
0 0 4 2 6 18 -1 10
0 0 -1 19 21 11 3 7
0 0 12 4 8 -1 20 22
0 0 9 21 23 13 -1 3
0 0 14 -1 4 10 22 24
2 160 11 23 25 27 15 -1
2 160 28 16 -1 12 24 26
0 0 -1 13 27 29 6 2
0 0 30 5 1 -1 14 28
0 0 31 -1 -1 7 5 -1
0 0 8 6 -1 32 -1 -1
1 19 33 -1 -1 21 9 -1
1 19 22 10 -1 34 -1 -1
0 0 19 -1 -1 23 11 9
0 0 24 12 10 20 -1 -1
0 0 21 -1 -1 25 13 11
0 0 26 14 12 22 -1 -1
1 17 23 -1 -1 -1 27 13
1 17 -1 28 14 24 -1 -1
1 29 13 25 -1 -1 29 15
1 29 -1 30 16 14 26 -1
0 0 15 27 -1 35 -1 6
0 0 36 -1 5 16 28 -1
1 39 39 41 -1 17 -1 -1
1 39 18 -1 -1 40 42 -1
0 0 43 -1 -1 19 -1 -1
0 0 20 -1 -1 44 -1 -1
2 530 29 -1 45 47 -1 -1
2 530 48 -1 -1 30 -1 46
2 520 49 51 39 -1 48 62
2 520 -1 47 61 50 52 40
1 33 51 53 41 31 -1 37
1 33 32 -1 38 52 54 42
0 0 53 55 43 -1 31 39
0 0 -1 32 40 54 56 44
0 0 55 -1 -1 33 -1 41
0 0 34 -1 42 56 -1 -1
0 0 -1 -1 57 59 47 35
0 0 60 48 36 -1 -1 58
2 560 35 45 59 61 38 -1
2 560 62 37 -1 36 46 60
2 100 -1 -1 51 37 62 -1
2 100 38 61 -1 -1 -1 52
0 0 -1 -1 53 39 37 49
0 0 40 38 50 -1 -1 54
0 0 -1 -1 55 41 39 51
0 0 42 40 52 -1 -1 56
0 0 -1 -1 -1 43 41 53
0 0 44 42 54 -1 -1 -1
2 560 -1 -1 -1 -1 59 45
2 560 -1 60 46 -1 -1 -1
2 70 45 57 -1 -1 61 47
2 70 -1 62 48 46 58 -1
0 0 47 59 -1 -1 50 38
0 0 -1 49 37 48 60 -1
2
18 12
17 11
0 1 1
528 0 2
529 1 0
0 0 1
0 1 0
0 0 2
0 2 0
0 0 1
0 1 0
0 0 0
0 1 0
0 0 5
0 6 0
156 0 2
156 2 0
0 3 1
0 1 4
0 0 5
0 6 0
19 0 0
18 1 0
0 0 0
0 0 0
0 0 0
0 0 0
16 0 1
16 1 0
28 0 1
28 1 0
0 1 0
0 0 1
37 0 1
37 1 0
0 0 0
0 0 0
530 0 0
530 0 0
520 0 0
520 0 0
32 0 2
32 2 0
0 0 0
0 0 0
0 0 0
0 0 0
0 0 0
0 0 0
560 0 0
560 0 0
100 0 0
100 0 0
0 0 0
0 0 0
0 0 0
0 0 0
0 0 0
0 0 0
560 0 0
560 0 0
70 0 0
70 0 0
0 0 0
0 0 0
